828852
172703
808737
151115
401544
577142
444316
537541
853974
302259
246018
285148
761686
901079
629658
876257
453643
827968
804394
49813
765704
659489
710624
301449
80010
285518
818465
747988
593119
58575
540602
887124
638439
636724
665849
762660
800787
489250
422188
739601
256774
729583
954981
254995
942423
906275
294960
739124
433994
683957
975772
83693
635620
825077
953186
414208
624018
222028
191284
21527
98844
432439
816248
48991
707478
837704
889130
639324
340671
79038
566310
199677
373471
5342
475779
655730
628627
121569
472994
887880
965347
922260
386802
606288
898851
291785
408346
742554
211857
767037
758724
607754
567210
452868
145299
547748
842477
642431
84235
320919
32961
652002
784998
289991
2744
508315
575040
625783
391116
105412
104251
881894
133802
271710
789682
508830
646131
113032
688825
698221
384388
826220
27124
54260
121108
387824
742405
1
182936
433236
539290
388898
792939
758020
14680
770779
873062
965387
416029
551499
118778
777333
550020
89199
474279
568390
57826
759230
801567
543621
186513
405892
585497
237708
67954
540341
198636
427145
122562
8479
566692
218675
346761
30794
718053
688574
454700
441221
321529
648018
320485
580295
931925
564324
636794
43812
427004
202071
487933
52825
930612
51536
265326
12837
772757
499133
2392
596766
987061
932239
224550
22751
594041
114391
24234
237820
212921
882579
872669
996922
353037
652615
772124
317876
810775
35081
902144
542063
661716
709413
990817
554253
139842
102814
176358
566179
237970
166796
685529
245091
983187
927277
191273
66799
655825
891614
807015
59757
451719
583545
121
573647
51743
595400
961958
987425
855761
555357
893392
859420
571057
250566
660713
306848
126794
958398
312684
151036
527636
279067
771028
846635
851195
526995
781953
884112
514272
908428
488341
490878
654801
256539
328976
77520
245172
737789
891590
277508
323136
673524
373477
587675
658880
804357
552410
816885
361827
481640
649112
935345
59332
823952
769338
657638
672956
584215
357696
862329
507723
502575
842886
642793
683592
811460
392710
556185
866284
622253
591815
525394
950342
399574
146041
616853
620006
581540
336309
475201
978915
994624
608186
478664
246553
256513
392783
722414
627940
718494
826130
215261
488726
55773
114024
489470
724652
785864
183650
905797
343331
388026
575094
232571
801527
483936
446870
171043
570013
433905
502467
733635
612385
29765
585647
132204
783957
950299
414262
261439
858340
658332
899522
775058
616514
698985
584215
57779
615781
202663
653636
100169
650181
852054
539020
177524
488277
899716
964615
914158
794309
547771
406940
762962
15828
788702
137613
249155
175720
311414
499304
272078
591209
225480
389518
545425
233620
781764
37859
214883
415040
812732
159874
528405
661692
683161
449569
481238
272409
110499
135094
163164
642331
549913
94585
983766
101807
81538
788293
651236
526185
998187
121827
588731
425088
31240
636143
711601
529431
826999
393895
901592
445240
585043
960575
968220
922565
238411
567288
536028
17493
763654
152933
517600
790958
271935
105333
141515
119022
345339
298372
982728
466507
75394
821413
796076
494462
911510
932558
392042
519654
216758
334912
374890
214617
956707
449932
30956
62364
820128
851599
954474
370705
250822
517470
703188
723874
668137
846669
538080
318681
828406
721451
148940
980676
928461
248739
502941
698751
608811
683379
4462
254006
907198
336197
723799
157660
943771
496956
671745
670
108893
187858
433628
327136
592581
754968
209452
252856
249623
981739
46619
465947
209582
950440
988523
294163
822551
955068
563251
678114
247719
844621
847142
851353
538604
1283
400
333777
663994
780996
743394
427746
690802
671328
762281
700891
635469
296789
641804
902165
108013
26500
941438
628134
14705
258036
591917
553119
470092
192524
996022
985413
404862
646594
473241
602599
495856
3282
718928
613688
652770
276798
869039
880689
394103
563005
57886
225332
279278
55319
653561
742008
740793
974089
380260
384072
296236
64169
161057
752142
868307
452987
77521
681169
712899
513961
759462
887331
996773
896592
20654
793848
283259
120785
656716
535283
244833
1000000
249627
87341
47560
773465
290337
304697
300970
897803
317976
203499
233551
314312
451693
649394
696154
772479
22313
744292
354631
336330
799255
282592
1662
659423
289778
533346
952057
492363
642101
341401
44465
689973
18122
743207
231961
476199
83671
958839
441417
595547
578450
835513
722828
299840
479965
849923
46322
4631
662805
213283
525916
252016
594787
614182
246845
781021
951742
456758
710893
496650
768270
82275
964764
403535
213929
711031
268979
800319
985338
851052
905967
657926
122364
823304
829200
859125
538952
910620
703866
189998
265739
214353
383044
176577
479906
745769
635107
571160
146912
972276
123680
660945
246369
279841
630048
345199
260906
181793
304607
681476
649146
544521
714407
563452
547882
512932
657760
169572
120045
239052
434338
900516
337608
138384
842513
369527
483479
722747
517373
226748
661468
598279
177356
347186
807366
391780
528675
260058
77782
856844
176390
733380
568276
182406
807811
710311
540398
574658
67320
914493
153077
127179
142925
969587
866083
23076
372151
967999
288583
842126
444840
544172
443401
961495
260925
21557
55127
542732
770669
439431
68694
296424
752199
128260
908521
375646
211727
14854
601396
152920
103373
299237
583684
187586
914703
394554
965480
25323
686697
237459
276424
306539
554062
977979
71883
155341
736337
811401
36909
242276
555321
686832
716592
621935
421107
296703
394858
909338
543320
860165
545004
692866
359934
816870
716270
443462
600195
232888
343626
665685
69544
730226
353492
346345
224100
96420
68989
766223
296706
669736
315772
4096
101856
568763
353937
719872
626408
771068
981898
516079
655693
55893
843591
168924
427927
46987
465687
580828
598346
916447
583167
494116
375392
315291
431800
486660
590271
693511
65836
429717
819165
90348
597955
900438
689702
952102
766127
121274
167126
945098
63495
712850
493674
500383
686403
912918
330408
797953
62546
375641
102252
149935
155266
712481
192336
744827
235200
321878
494653
697634
329436
982110
236331
98555
49
905625
978684
686795
532422
674553
431634
875712
537889
155692
871109
801418
210269
567026
99327
245902
447539
361222
57691
640991
880948
285378
424484
487441
902100
575151
626448
734774
544407
48777
922157
500254
304815
4793
119732
473431
447787
877517
28827
868041
790162
815741
323126
763130
680554
215118
127884
763448
249317
42875
566531
525392
693340
8836
947916
416439
364452
406977
59272
30692
678893
977144
718355
133986
776474
37511
229125
188318
218244
7480
547985
271090
549136
64900
915308
20879
252080
514200
218452
747270
372913
778787
907312
914825
642587
467792
557767
439011
113754
22348
722131
226009
279978
86430
229069
358760
95019
270416
764880
229611
476058
645490
898157
385873
898168
29879
140526
858197
272736
37020
853702
923413
472687
312160
561076
285444
783320
199120
22412
477826
604720
398486
23235
337403
626373
630599
725146
485114
295385
406771
268416
500312
457391
479606
894180
153859
953720
590432
278302
660612
620252
468518
37404
116015
158926
19635
573313
675614
914659
317827
514114
451755
577497
397763
903842
71802
293151
952966
885631
598073
912177
395594
981077
724031
275105
638560
571861
152520
356113
130123
995768
371105
655826
676457
861739
531154
933955
906105
896263
451630
886568
783931
240841
965231
310259
78997
203841
263798
426561
512488
484764
849212
844801
598612
61446
211970
861262
245105
165951
864823
345268
460382
553797
481719
342022
71559
888625
776527
644129
198063
139635
438759
507532
58382
964735
185928
493301
668344
478473
858768
311040
315003
993456
19124
550505
603273
328360
676425
315024
667741
15701
507891
929271
274758
41652
796457
916801
81511
461101
819314
845405
564706
774746
656385
379996
106006
407416
660014
167564
154881
5927
682260
315569
266244
608957
250389
273276
443932
438492
384209
939942
992720
523031
272903
907043
887103
872207
802072
981863
726010
909335
157970
409830
971891
475832
415712
122982
602707
784094
31312
501252
234888
726121
7470
216809
53164
396703
300783
165894
203719
901270
343640
619600
888196
577057
517787
577042
569594
456926
49798
560764
424167
660783
473
84433
957880
623828
360381
367232
85751
415774
388304
150998
636062
957738
763011
118434
197908
991674
86223
546603
788255
381821
798149
843442
246385
992342
365988
99427
369039
523688
512171
381057
386931
481946
905404
905228
822045
410093
457855
352764
755790
440493
546532
887749
427000
485411
70597
650213
792042
927082
582917
893402
57319
894786
920602
252830
368008
331564
507961
508417
846473
912812
675217
850984
981469
137563
115820
735172
211336
517377
194265
163927
383856
316517
37187
257832
426574
666429
381848
191558
594717
470807
15142
954899
718395
731530
840163
934314
124089
522664
508720
196458
329707
299482
323278
798483
209351
255654
595904
839752
470194
120491
721285
638323
393944
217005
916634
968771
433054
942476
692893
865567
568231
938832
116582
161990
804316
154855
486099
717396
644013
66372
906165
363176
659417
907605
204222
819335
584910
22423
467528
489350
7342
385029
85961
293809
384361
967890
999173
512144
123706
85549
228742
749581
566612
797926
731900
223935
771856
647377
702948
172749
629865
273387
759132
947836
259046
327692
208251
499869
771156
192839
49
232549
709269
557810
495068
928299
995808
523443
918670
368647
307396
783780
705009
556183
825656
386104
156989
452816
496193
677430
170567
195691
918651
497998
879251
2529
483635
103357
941699
527610
217450
511502
305235
94173
202736
651435
358378
385338
835850
813926
243742
349038
260551
770398
430630
330474
848610
671503
862894
311762
647321
484050
196002
551398
626460
536150
3136
944156
997121
676
58023
183515
362986
423126
480456
114899
945401
816254
560564
637492
814371
564013
804337
3240
739788
946638
764692
984483
736829
748714
200916
8767
53641
305101
58250
478801
173557
924283
290586
590035
895813
781662
988295
917676
562501
274636
556350
748715
728582
825386
445713
150426
600114
306218
208709
483238
712607
371071
777056
635103
640619
623911
799729
853701
61116
987905
958901
208146
654899
775539
64622
597398
633426
939817
91190
805075
418736
646882
814024
144554
539534
207548
672919
316258
470783
454480
342758
412150
408945
157009
489997
201802
491450
782345
452296
875539
937202
907213
779101
586412
571478
879924
580738
484
290257
625016
31779
707434
770500
314442
226910
950552
169659
82785
545987
416979
746792
363806
663011
374628
565002
329171
120075
366445
114671
985370
203155
274625
117565
998129
886613
977678
931581
481626
838609
390190
705922
700511
414332
886284
539487
818857
608360
492968
451620
214161
630436
563926
701975
980733
167579
638936
33967
198812
268109
409421
655876
587916
900579
205588
141124
471927
909759
267437
571773
592114
488250
826606
827629
138129
112309
590171
73195
135689
545115
663930
791418
871688
896550
577704
519362
892290
350531
232941
872652
869849
979099
910764
239788
24617
500384
238222
796746
205786
60784
119973
453758
425330
682175
902500
479310
98222
91386
645928
204521
144686
193965
688453
21563
442227
845656
510973
46248
884589
632021
436947
283625
902666
225597
290947
767344
487949
31158
130888
896443
120920
664001
741496
752924
774077
518743
603234
578607
931850
646655
615822
658907
846611
455733
494250
982271
113234
295247
599148
836466
970939
261154
5869
849822
462872
383567
248436
578945
543669
415485
426679
467196
25338
118761
321717
125208
418315
460001
946597
48094
10406
855639
140757
855165
514673
995622
66000
468645
254045
331293
84374
304883
533244
898950
731745
421450
393809
294569
229781
889891
146442
398220
463926
845543
278121
124441
657309
810036
593332
309303
454566
235940
455801
876204
548656
408930
264680
361453
866105
167319
291259
719124
590913
110913
6078
382010
408998
798483
962017
173536
855970
635787
132177
748860
931781
801779
991100
654712
443772
221945
603123
539290
641387
842979
420143
743771
917372
275401
199710
817374
369313
839427
423405
732349
840643
738943
93496
326976
588400
151225
213064
1000000
817679
418415
637070
653108
788191
279261
628215
855933
171535
304758
546348
911329
132652
991744
683002
294082
857375
994249
763459
75036
718726
702359
975259
230326
440032
89442
921413
991113
732257
869918
949208
640725
11148
527042
410416
254252
472378
669100
316013
196351
15274
596173
459576
236072
539772
331517
868385
577090
60988
877592
590360
549234
133738
299198
957727
641563
926377
316898
898868
385133
594819
194735
281694
10865
955469
192390
378625
714159
836156
441611
196622
575053
56606
674076
708174
267463
146763
878658
259187
712366
987353
889028
415488
992031
91669
529655
714396
998187
97048
984631
627765
845203
619999
557822
139825
291917
480684
250047
293521
349611
678373
486488
231877
152531
463464
410959
955142
475683
877400
902978
478514
194494
239619
956337
490229
710934
769093
649974
880835
388191
140682
209894
719288
867891
146716
135454
27
19851
477130
104557
842368
110656
641895
100282
52663
740604
820181
426008
745894
552615
607920
275531
365990
874010
110455
689253
16359
367041
303884
230812
615824
860691
34225
450914
169694
874483
647862
898582
944706
226329
753749
284760
915663
437530
821142
597493
707032
491636
293970
181755
356832
333298
460640
156551
866044
370315
339240
5011
447898
701349
38170
732740
689779
5090
517117
64774
276833
545930
103502
377044
125225
992494
282042
486492
445678
66165
308834
807689
328804
477457
226521
314996
817085
680889
875554
932552
592835
956412
74850
988380
640314
40832
858512
513967
581000
277530
640804
600185
770
190543
730270
927552
230116
653406
819847
659441
175534
41042
845393
195122
342036
515092
60871
967268
354457
69012
270752
840493
245268
675912
990641
68437
420630
816589
405114
262232
401382
85442
621147
420821
447733
914846
999547
961528
879810
1
301439
29911
520312
816747
60832
372917
761689
969386
677085
837670
802276
880940
243959
378220
577282
2616
752818
434934
865532
195419
571946
799089
661140
779009
862761
479582
126558
637627
758169
992087
653753
549893
119750
878958
560985
749323
265142
922742
225524
20245
350315
121289
174620
489636
702619
528920
747765
952470
657722
401783
748506
580268
680951
986383
665065
887771
446547
270017
197781
831419
460495
863020
428566
48649
722167
384410
358153
682180
926780
641812
471582
643319
117382
15335
481241
112892
527638
531322
902314
645226
870448
251265
516427
736453
679210
485581
658109
878724
70513
173607
140803
368217
308236
71291
286103
607556
313585
836763
623991
865166
129813
623741
909540
60977
813908
139761
392094
882146
923566
119665
886083
226509
293450
557596
503005
782573
920499
98705
733167
181189
715979
974356
753920
448533
653762
141214
862062
445330
580922
978099
350848
630995
234686
246493
248539
168854
710104
696110
823879
340137
775082
411842
697526
626470
302727
281098
115099
656515
927907
231329
415959
459117
149115
524719
205816
669973
861225
921797
82891
382065
601399
820696
76839
504692
689120
67349
912897
936633
829848
375683
32263
593210
610624
481245
553018
893707
218255
722223
488977
916398
637306
596791
487812
16236
422822
149728
533858
927023
700071
833280
370010
673631
835988
342649
733322
980453
588854
516962
640067
304601
90932
37100
103265
524171
624130
676983
348599
920626
920820
308829
357303
486915
7560
381751
339356
785074
844293
729582
632119
69842
258777
675698
43643
768710
902496
585783
570384
745245
182278
344897
539193
842554
533177
974386
881702
996489
617281
122741
876717
232644
795902
756986
953070
356463
624893
737409
85152
429562
173115
487903
286260
621347
579745
267249
627552
79816
837803
837003
362200
96880
918378
570925
407347
1316
47392
361576
119367
670752
699100
545712
326210
733243
683139
495855
860056
159349
828937
242143
605773
698597
490318
516512
947655
176145
749991
960971
51877
158305
246366
316050
172349
670342
599455
320860
15266
323707
177214
801408
379456
162241
962867
616355
247006
746985
692567
570394
971608
632866
715174
755711
389014
35930
610139
405125
855483
401838
985445
397884
464200
214719
18873
574856
215625
706282
447833
10624
346885
72424
534719
313961
396650
3136
33273
777504
807643
806085
605684
883033
725049
590075
184576
587184
194284
381182
893563
15819
819950
360123
28939
381794
341517
789608
257485
839300
241340
689156
268554
447019
884323
721663
49
402534
738587
932538
72685
994277
223363
875095
64048
236847
609526
905859
537173
418364
916141
503124
463406
727970
204510
873725
48471
390601
386139
142664
656140
946431
366371
234679
715301
808578
123104
289874
220793
884446
36788
120196
816986
874609
415704
396191
782167
853952
341277
689576
787192
884429
67178
161150
243587
190843
514121
594939
475958
809231
556653
679772
264894
703085
361742
423317
665475
251470
115216
435960
494262
272016
322700
817852
23099
856219
742450
283520
857849
91981
145509
75785
488343
677718
897027
309688
407362
302278
598292
427041
511634
996084
364655
811996
601336
219742
196
193605
991140
331156
298815
428945
319268
343847
194088
512074
620988
998773
820572
467497
928915
659724
954943
754256
625301
51418
516158
283209
293968
251105
333464
355134
720575
456252
278708
79046
992014
303394
781564
596000
171833
559416
185973
986948
828065
266074
105373
543392
596673
117106
129899
954816
937550
70015
639694
991861
809416
127544
838563
247150
663284
930315
132960
893237
508256
700062
690142
138498
125344
974181
929233
452029
908159
307355
620792
943001
627500
723562
874851
309966
949884
225792
731709
367916
751330
723956
818897
304499
598309
437793
547772
589908
817136
6407
654519
976071
321522
466303
369372
811277
312331
447631
617709
155865
520082
660288
822578
166749
474897
476964
567738
126394
808277
542207
554060
575913
768339
1000000
994876
42390
655055
196412
368426
287496
527438
356159
995239
338816
68930
955126
318620
788453
324421
82292
519172
159427
862316
558420
60859
177090
263900
680559
620842
322541
110039
573940
315269
756693
859081
776394
503111
783180
645169
118937
327642
372821
544496
155717
648107
907870
146309
304727
917234
1967
55750
736068
352250
156877
206209
987644
529346
157932
606469
332053
993012
91067
819225
516648
234323
981639
903905
733149
225072
403881
234391
431254
61582
108528
68949
43286
425438
791603
18060
363151
976723
819301
682530
323573
377989
395946
742131
538885
417408
229170
17135
58844
732233
921737
737341
622088
157252
205438
182336
211691
9946
19683
341077
953042
590184
201401
992476
493315
351447
638960
444525
292160
398834
236011
918662
857569
543967
544633
216500
546624
542594
103374
757439
45321
753206
939240
586465
324599
786306
233286
487767
913935
165503
105927
218489
329550
541282
814340
499872
734928
195600
247517
681673
957206
12438
387073
138194
669280
271629
409576
392295
527487
547374
530227
97314
776277
594219
386837
63337
822680
729134
224999
50709
44926
693371
333348
207936
692187
650005
111539
299294
987680
302636
647595
909282
670416
652301
700277
715642
686292
989444
850974
315147
174584
890899
935191
64898
973747
746618
380711
32978
142004
569388
678253
812963
999466
547562
728034
488959
377449
651622
99191
737256
696197
798982
250357
96846
277124
212736
176415
1
154697
412165
222622
43729
377641
555391
438443
431560
394550
292809
130573
436041
364426
847350
938747
444165
265102
686739
855064
747448
585120
530754
864007
91423
153557
944264
693765
544473
895195
731912
551306
92911
821880
310734
97063
349601
81352
246655
612558
662465
33945
904589
540123
286822
73979
483315
320559
117881
463728
287558
699585
495395
479266
894887
471588
130394
463541
40040
56447
907143
793138
664843
445784
388415
339381
874295
394013
959824
148156
525681
447236
653889
12897
167586
789044
279583
608159
676159
708431
47845
942575
683981
670351
47290
604721
744765
556914
888678
133311
463118
673396
561154
6084
494737
998187
667911
583882
241796
611637
241789
525865
874651
259726
48544
912879
760276
469711
911314
579543
674099
675472
719601
102320
672938
181583
278936
12727
503603
953683
172201
959512
451448
946730
146968
471021
55333
577849
972936
661509
210130
274771
148696
654680
934077
786676
886558
331052
482584
60861
917272
716600
83297
945228
923948
558649
447795
123036
629268
638544
538089
244561
408789
695334
439930
445373
103592
733349
809563
565697
406705
414913
619942
317626
95367
505433
700143
138989
11352
635174
675211
258462
786424
795956
389724
271586
340400
593951
16630
465374
867120
21557
621257
150132
715929
328509
357911
112636
445045
439279
73024
789068
952269
725634
867694
5465
265795
579839
521202
783941
667259
930441
981850
493777
261185
169051
280489
549162
521590
511649
885677
775479
911823
309102
47545
139227
470800
259029
497851
914738
758171
201672
170754
261050
8114
478736
627890
774407
874387
828948
198459
883623
575479
584500
403758
49
915955
176507
679034
243410
88910
864421
274566
514691
77321
393322
504642
152458
546071
579824
802090
153492
462198
713661
307475
743490
822224
919384
219339
90528
344276
928918
459749
149662
831614
359369
344024
53064
403338
441777
412137
821783
941991
670133
9682
508908
906403
633542
501056
236287
520681
138297
456496
474862
256944
309579
865739
902661
336371
378136
707703
318935
130159
586385
318234
635638
111578
14924
673123
932487
781560
437220
580361
32226
48282
149931
371427
471891
419473
819207
694141
70119
665935
560147
665538
953984
704464
913789
676295
488426
464490
153246
587962
436489
955708
339076
869830
825966
239378
49
479217
588672
278180
430541
405411
846238
53046
371552
775167
622708
10950
399383
413373
856411
69393
789584
869593
152109
890944
239310
521779
879725
31215
197676
36931
265305
410315
512642
934341
919099
978803
905690
545744
396779
971061
388579
662288
871765
479381
715206
295543
188829
546691
669102
48818
280517
177579
385005
570254
597996
558732
896540
96753
30205
226340
212692
581060
355109
902871
728308
330019
313767
640287
124801
550059
257030
921907
360934
457315
670171
35823
178997
506920
433296
526813
784274
993336
836934
970392
294385
944384
145530
428219
870390
153356
549253
409478
876407
795234
890745
944
997397
310809
853098
746895
296145
246409
842007
579178
898015
343885
717876
855678
86246
978022
87520
620191
823961
169545
705643
710134
892218
324890
99055
82607
4
523609
343990
594801
277760
721766
885655
567651
810281
924000
744584
743656
274270
542179
598550
350799
808431
667301
987727
99981
278482
313653
218964
701921
382401
776089
563475
399078
360118
887409
239060
202593
825544
1
235023
378296
211823
900362
795941
578949
94468
330730
374154
965653
30401
240605
319607
945087
962321
18055
879934
407359
38958
646114
731245
829876
812690
673397
231634
136125
700458
934254
173619
696704
41564
117425
799984
45959
794919
423215
660685
760648
325222
331128
404117
295426
457219
59373
300370
535192
389740
721821
128450
254685
791331
888777
138302
18893
935762
629400
220946
50513
146788
137890
386986
100700
154786
437953
235253
901132
223669
873114
552950
540581
175535
716192
474059
708669
888121
342936
635877
514916
101015
670900
704935
375477
824641
211436
926022
548817
80146
928242
824597
55007
612608
936468
188004
591624
497664
73853
583174
1000000
109328
779461
315588
543558
908697
641485
774012
484238
165618
764337
851523
231400
640593
719937
945002
846529
432027
596311
4913
98279
435057
723091
49723
166141
264665
304812
706935
485650
951670
143761
917016
897546
811269
800301
248929
882607
48876
626501
529707
303924
467014
713278
16144
759510
139148
627285
522734
175476
236200
353217
655951
722221
821383
506009
192585
512103
280658
278530
936499
150499
179749
259603
551015
665720
422071
182092
996053
61384
580257
654784
567146
362186
193989
799686
174124
496153
983499
522257
46512
422463
17094
619377
822243
228424
46342
406612
817383
720850
344291
442336
692234
301069
38657
430997
640817
245358
240614
322493
243213
279919
161590
440832
345247
683496
445084
85361
27000
302394
665736
103827
669814
247036
275515
93363
587309
351923
509111
781399
399635
37886
36946
433283
284049
880996
252910
371984
225644
92940
211981
92372
675341
941337
238177
122173
932588
575246
270397
690727
621504
620673
505954
966148
382358
471257
940428
882667
629646
264047
502671
66396
674399
770576
750045
659219
791122
109296
748424
305153
222650
897386
607777
745357
261128
756107
961082
911571
74319
211205
8330
221573
225356
990748
869306
359988
774131
748206
755188
500851
714656
156991
730485
719218
703162
587806
991937
40652
389963
580382
71620
897630
550733
951875
870597
552526
251937
563650
673057
251805
496376
771610
280462
13674
883119
810439
259611
254144
624671
195929
937945
824741
540414
811677
232397
116774
808736
471556
432703
834008
779877
326976
629066
676361
53016
849634
794765
744650
355408
522806
766385
664099
693050
302395
712849
52554
232988
458595
439961
18420
713867
449557
260922
513276
322634
641536
19561
858897
78871
610788
24347
668957
748553
63428
86553
867766
303969
813711
49641
17174
126350
710719
993018
447859
361116
480378
197720
780064
813319
790380
906741
586086
31355
30121
7312
849552
356758
650221
214671
47074
893258
192659
70308
354122
420150
505375
552874
227751
203341
705130
351933
690304
647624
709118
893985
904039
371760
955810
810979
696953
305127
243956
641932
779854
815007
526682
244267
180153
784285
37188
77838
78105
17048
809933
623645
150446
989849
856566
645730
605264
417601
957980
272824
760627
689844
539648
227671
908698
864835
133980
359333
454392
658468
321140
611382
189075
896533
18442
180734
308360
646500
204883
642708
894339
82340
719518
160303
403176
941115
389849
384914
321963
573637
515919
221817
293508
720137
838096
376056
947858
134959
805465
895957
60081
314455
791889
355512
577151
870302
44905
523637
729265
307406
895745
294411
351379
804472
272949
720666
658086
144636
87653
808210
223668
545161
205611
91387
756995
6566
966339
966158
667382
72568
912457
80866
647642
395771
631972
825837
688386
456194
125118
21222
526438
583077
133865
232002
869974
513823
401230
355250
692768
730681
792236
266186
919992
331205
527491
350252
178737
801504
503127
263364
801447
447370
400185
189972
53020
587599
176724
352577
276869
304212
885011
937018
631622
358875
540606
905070
838398
152484
112733
986163
544866
4
180315
998187
98990
282885
103764
863328
335659
284409
179608
260196
405115
896903
638907
988012
882547
702019
88285
417436
338648
751380
448211
487521
987721
49871
625957
461638
159910
900081
359761
708764
819403
882014
84369
923413
170913
278518
949155
432536
877580
443174
117649
272669
604607
705437
524581
896222
378536
747201
104031
960736
27034
970737
407718
673419
84814
638448
879214
721412
148326
74705
909418
595151
494638
629594
753237
975582
392235
527055
387276
623990
784785
537433
98154
892069
32439
420657
215124
469059
605682
325225
607163
80001
156891
876460
148959
948109
488975
332993
606442
800315
345139
70375
781912
468079
977781
9695
304732
858334
250408
349042
856939
974431
554371
659864
295148
967812
12845
392903
865683
751171
131840
15139
708946
228598
927079
31564
45055
450147
521312
598822
972230
673513
130365
310095
887929
315191
769913
688176
42939
401300
604716
708345
993560
215463
968389
6342
851772
167111
859443
279022
775905
830507
165421
378586
86345
546830
475301
520658
951661
907223
57189
190123
58429
684001
678022
929048
863721
882792
25311
327723
734643
876285
382457
819898
671511
68794
847927
349826
51794
359099
344170
766676
423860
105079
683299
151825
99577
33364
816057
490827
182033
396826
286850
50149
558838
268949
571530
785993
995802
725603
5050
87734
999053
421032
209934
170552
308090
880213
753175
285425
103823
674381
74905
207140
848194
420086
157711
747063
613760
905791
243283
787255
271732
13026
625
627006
452704
594690
818461
709699
674425
830720
214559
6462
385653
0