408
221
183
129
312
182
160
175
484
157
270
286
196
327
366
345
223
448
100
113
234
143
194
103
84
246
395
446
119
127
290
228
213
154
293
250
435
256
116
311
148
121
315
181
139
375
220
314
204
221
316
141
358
471
320
316
276
196
142
149
148
337
212
115
148
242
200
162
241
162
262
201
113
66
115
300
307
187
282
160
383
372
286
328
405
195
220
304
217
217
274
372
318
268
187
296
215
299
215
235
69
282
240
209
14
349
144
401
192
154
95
434
146
264
292
316
261
136
301
325
292
318
44
104
202
368
385
1
236
306
274
222
301
250
68
269
282
423
349
103
122
291
300
153
267
334
130
200
321
271
117
142
221
282
212
239
160
233
132
79
400
185
171
104
291
218
300
159
193
276
269
219
389
382
122
102
234
211
325
139
390
108
166
93
371
167
52
240
349
481
238
71
161
187
132
188
291
333
359
316
207
355
284
206
191
89
474
197
220
243
311
211
228
122
96
373
274
96
239
183
331
407
213
181
373
294
201
97
387
285
11
137
71
230
272
321
465
165
196
160
295
120
135
146
122
274
216
142
216
217
256
395
399
309
165
426
190
376
295
382
429
235
116
168
264
323
308
192
216
346
91
221
122
93
132
411
205
194
260
419
46
486
358
378
260
301
246
219
243
303
402
181
138
224
226
207
262
203
329
364
318
316
211
161
266
330
213
127
343
400
314
158
277
209
179
242
328
274
404
239
210
69
148
234
312
296
258
277
95
330
198
249
281
304
264
167
367
333
195
169
305
143
321
198
249
275
182
221
130
310
362
408
218
309
301
177
181
235
374
123
405
394
178
158
231
314
265
176
461
319
150
362
46
206
183
177
70
212
182
296
323
228
112
259
220
198
149
251
188
278
112
229
196
137
355
284
229
235
142
204
199
457
199
226
221
94
191
260
223
597
195
257
208
74
101
241
219
385
259
422
178
229
299
394
287
73
252
238
87
274
167
278
372
283
151
89
90
153
230
318
349
88
379
366
170
464
242
128
252
116
152
154
177
361
320
74
114
364
373
270
209
136
294
342
362
215
429
240
157
272
315
74
376
349
171
279
337
435
189
40
240
412
275
287
68
227
214
219
28
147
172
272
304
285
156
226
116
227
409
119
179
230
226
501
253
465
402
193
238
207
325
396
271
272
41
20
225
176
144
294
246
298
256
245
325
259
239
284
233
205
154
134
288
93
220
431
193
296
194
382
429
418
322
273
277
140
46
242
458
288
168
203
457
189
377
130
272
162
65
299
216
327
229
274
184
214
53
195
280
315
281
169
403
187
149
282
241
387
306
68
246
299
105
340
263
247
100
231
131
70
245
151
219
92
281
190
255
151
276
361
314
250
367
47
376
343
234
353
200
36
137
186
180
251
333
279
305
143
217
66
255
211
165
175
453
165
171
266
193
392
200
235
251
170
45
229
281
376
140
187
100
207
169
346
92
313
150
270
159
414
257
237
299
257
261
354
256
447
414
208
392
370
205
282
540
430
170
237
291
314
87
176
347
475
398
194
184
228
177
267
169
258
199
210
221
129
90
294
279
215
394
266
142
328
172
189
136
328
376
238
234
251
345
263
311
197
258
190
257
156
224
240
184
243
174
160
272
128
180
220
204
241
175
296
198
168
195
221
159
113
437
247
96
269
433
161
294
240
362
211
379
229
95
83
242
347
111
178
252
337
118
319
214
245
62
220
190
231
251
208
194
147
208
468
93
201
237
142
143
226
297
141
197
287
331
75
228
253
192
336
239
207
279
214
422
404
233
304
352
202
396
260
272
265
268
96
297
112
126
246
223
150
150
53
311
282
400
148
16
144
347
295
230
378
296
356
253
263
129
219
154
275
61
301
194
176
211
333
164
146
115
244
196
373
313
154
261
369
172
223
298
308
296
215
134
104
222
183
314
114
283
189
132
162
451
158
209
132
119
190
291
228
417
270
204
133
248
126
354
271
143
7
393
294
299
132
363
328
342
209
226
257
416
209
240
145
154
267
190
101
191
412
312
134
311
430
141
198
314
267
87
269
322
213
63
152
329
331
485
135
255
224
347
206
338
382
292
178
266
339
35
239
362
400
94
180
369
292
187
148
62
455
302
299
126
344
125
135
212
142
88
369
226
220
70
182
101
116
210
160
270
311
119
322
179
297
206
319
91
130
82
221
169
162
100
169
108
157
288
270
141
178
208
407
265
418
47
226
161
354
120
260
331
229
238
284
172
168
160
68
160
328
230
121
221
343
303
244
266
233
139
174
212
123
162
228
193
416
368
202
216
206
290
94
215
110
105
127
428
191
157
214
199
243
263
296
166
171
316
179
197
375
170
371
245
125
140
101
156
283
203
446
335
374
287
169
328
499
295
281
298
206
223
125
267
251
121
225
158
205
106
190
362
269
292
96
170
200
197
169
233
176
144
159
273
242
129
203
311
327
147
229
303
292
126
385
90
101
226
217
156
244
133
304
92
239
351
190
453
108
205
45
411
321
88
126
305
193
155
223
288
395
310
386
393
178
160
196
192
122
205
41
120
149
132
335
99
276
202
390
273
306
468
191
269
351
207
305
412
321
250
419
98
258
209
168
260
126
187
242
70
282
312
361
78
113
98
271
75
216
223
374
110
248
250
241
167
226
218
128
98
334
205
205
23
139
274
282
189
272
105
322
362
104
90
388
219
78
202
304
91
237
347
273
359
296
283
386
316
157
279
212
95
225
361
332
382
282
393
251
139
312
148
187
410
247
230
225
157
389
336
226
293
206
133
246
194
194
268
154
239
205
233
126
289
472
349
133
164
256
164
201
199
197
256
173
93
192
218
181
300
248
205
309
82
233
339
170
361
276
169
238
260
144
145
280
172
427
125
268
204
332
398
135
403
191
170
135
276
287
334
192
379
277
379
430
186
158
280
179
283
306
211
156
355
224
131
315
238
309
318
79
360
314
82
279
119
217
265
390
455
92
190
67
182
365
320
424
234
163
286
277
394
267
325
177
250
262
264
218
175
267
384
221
7
227
229
204
128
223
486
349
242
277
220
214
99
205
512
272
155
344
153
382
215
85
223
208
483
39
231
215
143
438
104
356
249
123
200
213
118
390
248
350
220
256
233
406
274
142
298
205
212
354
221
264
136
92
210
234
56
200
515
26
109
281
176
136
282
195
275
218
348
190
207
295
301
48
372
288
292
241
263
344
162
85
163
245
110
167
241
365
186
241
253
204
273
270
295
70
234
345
326
242
171
120
184
266
197
208
245
349
320
471
227
365
253
259
114
371
251
174
297
303
110
222
466
455
54
161
246
200
254
182
342
158
223
172
285
328
276
194
135
175
271
268
338
209
286
317
350
427
125
344
318
294
292
22
175
264
117
202
250
72
258
338
147
129
347
273
326
266
173
120
336
131
123
233
183
386
197
65
215
539
167
294
373
180
287
124
172
495
252
162
295
313
240
404
288
201
374
208
285
231
137
210
109
218
177
239
424
210
439
86
106
219
313
245
465
388
204
290
413
127
125
377
155
119
399
258
390
366
354
300
302
340
291
169
342
353
343
354
116
47
284
172
328
86
98
117
338
224
141
304
280
120
66
256
155
224
255
263
101
135
386
457
102
507
395
291
299
470
255
211
292
341
138
178
247
128
183
326
452
291
181
312
261
338
383
142
111
371
261
168
299
140
161
208
276
139
238
25
402
254
287
270
269
309
235
187
234
108
105
213
76
283
221
247
142
74
343
69
495
203
300
148
199
155
201
218
155
162
268
183
286
173
167
209
281
186
238
306
291
139
199
427
222
112
235
342
260
329
292
266
240
150
191
269
129
169
298
303
97
54
278
188
427
331
220
358
285
255
490
299
489
308
340
180
153
201
274
161
279
231
341
240
139
234
228
271
195
123
247
253
331
160
180
440
145
262
100
305
383
170
368
283
145
369
321
245
156
226
283
52
374
136
172
95
485
277
120
274
383
229
214
140
142
281
321
155
374
282
199
60
356
154
236
406
382
167
107
68
247
150
222
222
215
365
274
148
290
296
318
146
212
377
191
229
182
422
185
219
269
162
57
333
282
193
349
264
161
162
157
132
408
214
271
201
426
273
176
383
228
238
369
83
405
204
597
268
389
363
337
259
216
253
197
204
63
239
201
497
242
187
167
202
259
242
153
380
248
258
238
163
237
255
202
361
402
299
249
70
152
366
309
154
202
3
63
206
79
322
56
225
130
155
352
395
176
412
139
294
101
318
464
193
213
57
241
198
232
144
219
83
242
182
433
336
370
190
289
113
300
225
230
316
181
172
392
220
183
330
166
152
245
208
265
294
43
256
505
104
170
205
38
227
112
203
290
206
208
65
538
172
246
298
135
234
233
92
227
279
126
353
421
332
470
105
312
102
358
184
80
176
155
302
198
278
255
20
151
170
456
226
360
331
155
284
132
383
62
256
202
109
414
185
60
266
301
196
466
419
187
228
335
402
80
228
62
301
339
277
200
277
332
478
1
93
61
202
273
146
315
199
404
309
208
424
404
143
214
176
52
346
252
242
93
110
453
174
141
225
278
126
175
267
425
227
437
170
438
193
391
200
266
272
83
245
149
290
336
313
230
495
246
290
407
390
192
419
433
169
161
165
245
177
173
257
190
286
137
257
314
103
146
320
292
364
209
196
111
287
186
218
220
382
326
286
159
217
233
400
187
383
274
151
147
91
277
214
155
201
320
233
267
249
230
171
195
408
137
332
189
180
354
278
173
183
267
168
304
343
195
267
83
225
217
387
250
134
321
236
106
226
268
288
243
262
443
284
217
173
182
254
360
413
333
432
212
392
220
139
218
133
239
325
249
283
211
81
367
116
215
163
291
121
333
223
394
141
390
254
197
139
495
402
155
151
128
308
291
172
325
153
313
223
162
146
265
228
84
152
92
146
405
327
240
348
453
242
403
252
353
380
212
191
245
240
74
123
261
190
411
267
218
234
229
297
231
70
203
204
316
231
120
257
92
205
252
101
224
300
273
412
333
208
161
177
292
177
280
362
405
161
171
255
174
276
200
420
193
347
309
138
232
153
295
310
335
209
199
366
80
341
193
200
184
252
403
127
44
70
196
127
346
380
310
290
173
195
139
226
133
389
217
271
377
344
170
241
79
379
417
139
83
264
126
177
332
193
176
134
223
172
406
274
139
311
153
184
253
263
422
148
400
194
161
338
114
227
413
369
238
239
198
262
205
63
182
205
142
191
94
173
122
167
345
224
56
75
414
187
181
308
313
429
281
274
228
218
174
367
63
348
121
77
246
195
300
191
254
212
290
154
287
311
271
7
250
365
456
145
467
221
259
58
225
380
339
263
332
259
258
308
440
336
443
129
175
243
128
430
225
341
277
321
282
248
188
161
364
72
146
290
299
252
275
265
510
381
182
224
347
138
200
209
157
131
157
152
275
255
330
162
239
242
185
253
154
116
354
180
234
248
248
119
289
430
218
149
89
123
99
297
336
345
250
142
176
270
271
314
444
173
250
344
142
14
223
348
166
255
173
212
105
210
98
306
493
306
329
337
186
277
126
341
100
206
249
218
129
194
214
407
322
242
170
352
148
212
188
257
298
135
236
407
212
115
260
147
220
257
382
458
79
184
367
182
144
241
208
176
405
88
225
290
318
202
198
88
199
397
247
263
179
272
185
336
322
279
340
234
280
147
176
368
342
353
143
287
243
320
382
216
71
459
321
186
341
190
207
293
175
247
235
330
150
492
87
117
138
358
112
231
341
224
177
339
100
496
148
407
98
284
66
266
329
547
272
44
226
224
351
319
176
280
125
206
328
97
124
180
387
322
167
257
166
149
243
161
264
251
162
269
147
396
219
254
251
365
278
203
249
236
41
104
186
200
221
133
414
350
102
277
191
460
227
429
172
263
309
359
207
202
255
161
334
140
196
49
66
216
293
48
199
203
275
154
227
257
196
339
215
268
180
129
104
243
231
241
216
184
76
266
209
56
27
205
392
286
185
520
115
327
234
223
174
188
161
234
133
397
371
98
258
314
232
177
129
426
450
241
335
228
204
411
169
261
171
197
118
220
374
270
292
84
291
107
320
54
311
192
358
237
266
159
315
264
217
184
375
193
267
131
326
114
219
51
106
215
216
166
297
229
125
242
450
134
283
462
228
329
261
256
216
338
462
133
254
253
265
126
241
326
225
60
116
280
377
327
532
452
504
205
241
400
95
336
293
346
101
216
212
276
99
1
173
209
202
77
175
199
351
254
204
267
221
199
266
348
411
153
160
243
394
338
306
348
247
71
177
200
391
231
253
246
380
109
324
264
131
191
166
199
466
267
87
387
207
250
129
285
189
71
300
86
363
179
236
347
370
188
279
68
131
357
262
265
242
233
229
245
239
370
254
357
314
363
51
144
348
193
287
367
245
103
149
147
341
70
329
355
226
256
111
182
218
362
60
137
597
375
310
224
385
217
325
341
236
118
121
316
361
268
183
299
286
387
200
242
171
216
77
341
379
181
328
338
234
250
259
79
293
186
231
254
79
296
350
331
248
196
162
278
99
274
344
173
228
242
223
339
180
222
222
249
229
217
378
160
311
140
279
187
297
149
257
202
182
127
263
315
219
76
254
283
288
346
330
130
194
188
141
100
176
334
95
245
118
337
69
71
112
293
107
112
372
255
360
314
53
175
303
352
233
287
309
308
115
269
181
229
246
358
329
167
243
393
216
113
147
302
247
199
182
269
280
144
354
44
228
278
335
337
400
213
261
235
272
294
7
187
135
312
174
110
335
276
221
195
218
340
212
431
288
430
246
192
225
299
300
362
328
207
132
156
340
213
82
132
123
102
96
342
225
181
227
141
375
62
378
301
320
264
247
205
147
286
116
154
327
269
465
251
268
171
149
239
317
210
376
104
68
427
405
208
414
285
114
102
115
247
411
281
411
325
117
209
305
316
234
430
157
323
380
202
132
256
409
334
334
334
240
120
7
187
330
198
185
105
248
174
366
453
296
52
339
213
391
93
276
323
205
298
114
353
393
123
172
97
145
195
122
303
203
231
398
342
179
159
289
212
443
215
226
281
153
325
384
126
257
127
273
282
264
306
344
123
65
300
232
236
189
409
460
173
189
157
215
309
240
211
232
157
199
117
131
388
340
373
276
388
282
120
149
210
144
257
228
242
277
168
335
342
253
42
371
213
258
429
159
307
301
334
265
143
340
382
114
340
124
299
237
145
163
284
268
224
125
173
2
347
130
201
230
374
145
363
317
294
302
226
200
313
230
213
261
329
235
141
140
301
162
231
295
259
199
234
208
219
92
229
400
1
271
150
183
222
315
273
196
128
108
379
89
177
273
211
347
85
304
139
192
244
173
430
236
219
158
219
442
508
159
314
110
239
494
149
321
155
199
196
346
138
411
164
113
51
284
172
146
429
194
145
303
231
152
83
536
336
176
111
226
178
238
104
188
389
323
236
247
334
182
269
285
392
311
249
175
216
375
134
185
274
295
139
355
264
336
397
82
414
311
63
248
330
112
460
148
143
340
100
150
163
102
208
427
259
370
258
198
351
387
190
201
295
248
289
327
151
17
119
375
295
133
175
135
210
163
256
274
125
280
250
199
243
253
361
94
251
231
148
256
208
82
178
228
363
308
226
160
187
241
311
349
383
255
93
218
188
361
115
157
307
473
332
89
212
413
124
181
412
360
186
279
498
148
223
417
237
132
111
88
225
381
172
136
130
237
220
171
230
332
101
101
267
155
286
186
281
255
247
148
126
155
220
178
65
30
138
180
49
268
214
143
121
353
227
401
151
185
90
112
327
177
460
170
324
198
138
181
102
365
111
277
151
272
236
269
223
324
313
328
442
252
281
462
265
354
161
205
144
233
326
255
153
316
234
332
167
230
306
395
445
224
177
248
525
63
185
44
231
290
242
254
168
345
390
148
235
270
157
169
296
316
352
275
122
149
306
178
334
359
275
307
118
147
374
361
181
224
308
202
78
399
323
315
128
329
119
547
455
312
273
201
224
182
338
191
212
159
180
264
389
144
238
419
240
236
380
249
281
324
139
313
132
216
159
131
58
245
343
226
166
260
164
119
135
133
346
135
239
347
116
81
386
193
327
159
92
140
265
466
217
196
204
116
136
313
228
345
340
113
55
52
430
256
209
231
74
246
213
96
242
238
205
182
129
277
118
237
364
278
206
225
319
348
436
235
317
141
140
262
136
237
242
149
171
287
94
132
153
102
267
293
140
467
316
254
212
241
374
238
175
270
278
101
428
245
120
161
240
446
296
402
157
337
80
204
182
228
253
258
387
120
304
137
400
483
149
182
289
127
217
177
226
251
296
228
284
103
145
397
99
79
411
340
191
366
85
359
115
230
393
175
259
118
273
286
360
174
161
164
246
229
81
67
209
50
439
258
224
148
427
142
296
185
346
369
196
264
78
84
238
243
143
252
262
181
296
284
254
131
300
200
276
215
319
182
207
258
261
162
445
280
277
144
148
395
108
267
147
210
131
262
290
105
294
408
252
120
119
337
366
2
189
597
140
213
154
196
247
277
142
312
403
273
181
256
461
329
175
296
308
418
191
265
481
161
361
212
148
435
115
224
377
554
213
331
171
176
229
230
278
242
49
287
215
137
229
240
248
469
73
418
44
157
216
241
184
222
446
276
226
107
286
179
196
302
457
270
211
369
294
248
183
221
108
289
129
255
232
387
306
349
263
75
235
274
63
209
221
263
250
257
139
89
236
281
271
75
130
184
82
260
367
199
223
188
236
312
51
177
213
355
198
79
160
118
223
82
145
291
272
196
224
335
159
279
209
125
401
312
43
366
324
159
408
243
353
66
402
89
183
172
373
483
179
154
83
218
125
182
265
437
99
157
157
167
424
470
279
390
81
249
183
373
351
296
213
142
407
216
122
137
118
314
168
113
193
139
125
76
237
331
153
226
278
107
242
227
370
257
480
329
44
144
461
382
192
200
254
283
395
285
47
215
103
180
412
342
91
331
260
271
187
287
286
70
25
310
232
178
391
259
259
120
309
48
267
